%YAML:1.0
---
K: !!opencv-matrix
   rows: 3
   cols: 3
   dt: d
   data: [ 900.71644463031089, 0., 633.68173871793681, 0.,
       901.07799091443371, 332.32015968286476, 0., 0., 1. ]
D: !!opencv-matrix
   rows: 1
   cols: 5
   dt: d
   data: [ 0.12332852080121996, -0.58890551321666651,
       -0.012335648483866172, 0.00043476184379347664,
       0.68298495057782804 ]
